GPe_Left 19.6551724137931 -2.67586206896552 -0.427586206896552
GPe_Right -19.2727272727273 -1.46969696969697 -0.469696969696970
GPi_Left 17.7313432835821 -5.07462686567164 -3.88059701492537
GPi_Right -17.6451612903226 -4.35483870967742 -4
STN_Left -11.309995982 -13.719992372 -7.399998402
STN_Right -10.9090909090909 -12.4545454545455 -7.72727272727273
Striatum_Left 20.3038416763679 4.91268917345751 3.55064027939464
Striatum_Right -19.9491725768322 6.38652482269504 3.54018912529551
Thal_Left 11.7328244274809 -17.1793893129771 6.69083969465649
Thal_Right -12.0229445506692 -18.7782026768642 6.69789674952199
Cortex -12.0229445506692 -18.7782026768642 6.69789674952199
Precentral_L 38.930232558 -6.961429382 49.640385706
Precentral_R -41.100857734 -9.549837326 50.809819580
Frontal_Sup_2_L 20.159244818 35.974964088 35.227170121
Frontal_Sup_2_R -22.553540082 33.185098498 37.346596450
Frontal_Mid_2_L 35.522288756 32.852073631 29.946773120
Frontal_Mid_2_R -38.773662551 32.882304527 29.316460905
Frontal_Inf_Oper_L 48.795761079 11.491329480 17.801541426
Frontal_Inf_Oper_R -49.927090779 13.675482487 20.195854182
Frontal_Inf_Tri_L 45.890075129 28.666666667 12.582839067
Frontal_Inf_Tri_R -50.061366806 28.901906090 12.817294282
Frontal_Inf_Orb_2_L 41.373464373 31.056511057 -8.076167076
Frontal_Inf_Orb_2_R -45.826086957 33.418764302 -7.988558352
Rolandic_Oper_L 47.406060606 -9.775757576 12.638383838
Rolandic_Oper_R -52.381667919 -7.537190083 13.329827198
Supp_Motor_Area_L 5.690731253 3.550069865 60.064275734
Supp_Motor_Area_R -8.246309574 -1.093209616 60.512863771
Olfactory_L 8.264285714 13.864285714 -12.685714286
Olfactory_R -10.124567474 14.664359862 -12.560553633
Frontal_Sup_Medial_L 5.173796791 47.887032086 29.636363636
Frontal_Sup_Medial_R -8.750702905 49.528584817 28.926897844
Frontal_Med_Orb_L 5.438108484 52.517385257 -8.856745480
Frontal_Med_Orb_R -7.834112150 50.406542056 -8.516355140
Rectus_L 5.441314554 35.706572770 -19.568075117
Rectus_R -8.002684564 34.451006711 -19.436241611
OFCmed_L 14.236363636 35.618181818 -21.083636364
OFCmed_R -16.421900161 37.098228663 -21.259259259
OFCant_L 25.038374718 46.762979684 -16.112866817
OFCant_R -28.601851852 48.462962963 -16.182098765
OFCpost_L 28.663139330 23.400352734 -19.495590829
OFCpost_R -33.030303030 24.862745098 -19.386809269
OFClat_L 42.527918782 39.857868020 -15.116751269
OFClat_R -47.755319149 36.723404255 -16.244680851
Insula_L 35.410118407 5.440258342 2.172228202
Insula_R -38.722033898 5.020338983 0.813559322
Cingulate_Ant_L 4.364285714 34.195714286 12.535714286
Cingulate_Ant_R -8.117288652 35.722772277 14.432597106
Cingulate_Mid_L 5.882534776 -16.100978877 40.214322514
Cingulate_Mid_R -7.664094417 -10.197004085 38.437585111
Cingulate_Post_L 5.205183585 -44.172786177 23.278617711
Cingulate_Post_R -7.176119403 -43.086567164 20.471641791
Hippocampus_L 25.255364807 -21.963519313 -11.384120172
Hippocampus_R -28.945031712 -20.991543340 -11.577167019
ParaHippocampal_L 21.492842536 -17.292433538 -21.918200409
ParaHippocampal_R -25.148409894 -16.300353357 -21.743816254
Amygdala_L 23.509090909 -1.945454545 -18.454545455
Amygdala_R -27.056451613 -0.572580645 -18.806451613
Calcarine_L 7.482728078 -79.821080602 5.103631532
Calcarine_R -15.709833423 -74.449220849 8.019344438
Cuneus_L 6.256880734 -81.424639581 25.838794233
Cuneus_R -13.189606742 -80.589887640 26.852528090
Lingual_L 14.858233890 -68.864916468 -6.007637232
Lingual_R -16.077391304 -68.141739130 -5.215652174
Occipital_Sup_L 16.756954612 -85.610541728 26.853587116
Occipital_Sup_R -23.963198868 -82.206652512 29.265392781
Occipital_Mid_L 32.617125382 -82.021406728 14.767584098
Occipital_Mid_R -37.127740705 -80.993326978 18.067683508
Occipital_Inf_L 36.482465462 -79.568544102 -9.164718385
Occipital_Inf_R -37.870576340 -83.191102123 -8.992922144
Fusiform_L 31.389610390 -41.405194805 -21.606060606
Fusiform_R -33.659253376 -40.198570294 -21.533756950
Postcentral_L 42.904419322 -23.775436793 47.456834532
Postcentral_R -41.158252681 -26.772691603 51.253989014
Parietal_Sup_L 23.713317191 -60.807748184 57.657142857
Parietal_Sup_R -25.842484248 -60.428442844 60.713771377
Parietal_Inf_L 43.106661218 -47.019207192 45.422966898
Parietal_Inf_R -46.291449814 -47.588104089 48.191821561
SupraMarginal_L 56.146496815 -34.936305732 29.119426752
SupraMarginal_R -57.262411348 -32.817629179 33.134751773
Angular_L 44.434782609 -62.081841432 34.283034953
Angular_R -45.228310502 -61.238584475 37.315068493
Precuneus_L 7.590702948 -57.324829932 46.640022676
Precuneus_R -9.688820827 -57.313935681 42.360796325
Paracentral_Lobule_L 7.974796145 -26.650852483 68.692364715
Paracentral_Lobule_R -7.126794258 -32.942583732 66.791866029
Caudate_L -12.4161358811040 11.0530785562633 9.05732484076433
Caudate_R 13.8696537678208 12.0936863543788 9.32790224032587
Putamen_L -24.8609958506224 3.97925311203320 2.46058091286307
Putamen_R 26.7286384976526 4.96150234741784 2.38873239436620
Pallidum_L -18.7037037037037 0.0370370370370370 0.229629629629630
Pallidum_R 20.0859375000000 0.187500000000000 0.328125000000000
Thalamus_L -11.7556818181818 -17.6496212121212 8.19886363636364
Thalamus_R 11.9921951219512 -17.7073170731707 8.23609756097561
Heschl_L 42.346666667 -20.035555556 8.675555556
Heschl_R -45.879518072 -18.144578313 9.044176707
Temporal_Sup_L 53.435540070 -22.009581882 5.840592334
Temporal_Sup_R -57.832537408 -23.010506208 5.418656479
Temporal_Pole_Sup_L 40.154085603 13.867704280 -21.436575875
Temporal_Pole_Sup_R -47.937219731 13.457399103 -18.189835575
Temporal_Mid_L 55.868878996 -34.984216916 -3.584783488
Temporal_Mid_R -57.159900204 -38.565661148 -2.775232479
Temporal_Pole_Mid_L 36.744370861 13.300662252 -35.366887417
Temporal_Pole_Mid_R -44.040438079 13.246840775 -33.518112890
Temporal_Inf_L 50.036250000 -29.291875000 -24.519375000
Temporal_Inf_R -53.382063537 -32.138881080 -23.730671915
Cerebelum_Crus1_L -36.0658823529412 -66.7843137254902 -28.8956862745098
Cerebelum_Crus1_R 37.3681765389082 -67.2427409988386 -29.4951606658924
Cerebelum_Crus2_L -28.8027069234774 -73.2035398230089 -38.2748568453930
Cerebelum_Crus2_R 32.1220657276995 -68.8863849765258 -39.9230046948357
Cerebelum_3_L -8.74242424242424 -37.4696969696970 -18.8181818181818
Cerebelum_3_R 12.2395833333333 -34.6145833333333 -19.5520833333333
Cerebelum_4_5_L -14.8456140350877 -43.6368421052632 -16.8421052631579
Cerebelum_4_5_R 17.2837670384139 -42.6889714993804 -18.4609665427509
Cerebelum_6_L -23.1030512377663 -59.3517559009787 -22.0172711571675
Cerebelum_6_R 24.5787139689579 -58.4445676274945 -23.6297117516630
Cerebelum_7b_L -30.6978723404255 -59.3659574468085 -43.9319148936170
Cerebelum_7b_R 29.1104815864023 -63.4050991501416 -46.0396600566572
Cerebelum_8_L -23.8305621536025 -55.0166270783848 -44.2026920031671
Cerebelum_8_R 23.0103585657371 -57.0533864541833 -44.6486055776892
Cerebelum_9_L -10.7589424572317 -49.0855365474339 -43.2597200622084
Cerebelum_9_R 9.52173913043478 -49.3210702341137 -43.6354515050167
Cerebelum_10_L -22.6756756756757 -34.0405405405405 -41.7567567567568
Cerebelum_10_R 25.9378881987578 -33.9751552795031 -41.4037267080745
Vermis_1_2 0.723404255319149 -38.6808510638298 -20.0425531914894
Vermis_3 1.51304347826087 -39.8956521739130 -11.2521739130435
Vermis_4_5 1.44095665171898 -52.4902840059791 -6.01195814648729
Vermis_6 1.27717391304348 -67 -15.2119565217391
Vermis_7 1.25128205128205 -71.9794871794872 -25.2615384615385
Vermis_8 1.26666666666667 -64.5333333333333 -34.0666666666667
Vermis_9 0.867469879518072 -54.7951807228916 -34.6746987951807
Vermis_10 0.285714285714286 -45.7904761904762 -31.7714285714286
