GPe_Left 19.6551724137931 -2.67586206896552 -0.427586206896552
GPi_Left 17.7313432835821 -5.07462686567164 -3.88059701492537
STN_Left -11.309995982 -13.719992372 -7.399998402
Striatum_Left 20.3038416763679 4.91268917345751 3.55064027939464
Thal_Left 11.7328244274809 -17.1793893129771 6.69083969465649
Precentral_L 38.930232558 -6.961429382 49.640385706
Frontal_Sup_2_L 20.159244818 35.974964088 35.227170121
Frontal_Mid_2_L 35.522288756 32.852073631 29.94677312
Frontal_Inf_Oper_L 48.795761079 11.49132948 17.801541426
Frontal_Inf_Tri_L 45.890075129 28.666666667 12.582839067
Frontal_Inf_Orb_2_L 41.373464373 31.056511057 -8.076167076
Rolandic_Oper_L 47.406060606 -9.775757576 12.638383838
Supp_Motor_Area_L 5.690731253 3.550069865 60.064275734
Olfactory_L 8.264285714 13.864285714 -12.685714286
Frontal_Sup_Medial_L 5.173796791 47.887032086 29.636363636
Frontal_Med_Orb_L 5.438108484 52.517385257 -8.85674548
Rectus_L 5.441314554 35.70657277 -19.568075117
OFCmed_L 14.236363636 35.618181818 -21.083636364
OFCant_L 25.038374718 46.762979684 -16.112866817
OFCpost_L 28.66313933 23.400352734 -19.495590829
OFClat_L 42.527918782 39.85786802 -15.116751269
Insula_L 35.410118407 5.440258342 2.172228202
Cingulate_Ant_L 4.364285714 34.195714286 12.535714286
Cingulate_Mid_L 5.882534776 -16.100978877 40.214322514
Cingulate_Post_L 5.205183585 -44.172786177 23.278617711
Hippocampus_L 25.255364807 -21.963519313 -11.384120172
ParaHippocampal_L 21.492842536 -17.292433538 -21.918200409
Amygdala_L 23.509090909 -1.945454545 -18.454545455
Calcarine_L 7.482728078 -79.821080602 5.103631532
Cuneus_L 6.256880734 -81.424639581 25.838794233
Lingual_L 14.85823389 -68.864916468 -6.007637232
Occipital_Sup_L 16.756954612 -85.610541728 26.853587116
Occipital_Mid_L 32.617125382 -82.021406728 14.767584098
Occipital_Inf_L 36.482465462 -79.568544102 -9.164718385
Fusiform_L 31.38961039 -41.405194805 -21.606060606
Postcentral_L 42.904419322 -23.775436793 47.456834532
Parietal_Sup_L 23.713317191 -60.807748184 57.657142857
Parietal_Inf_L 43.106661218 -47.019207192 45.422966898
SupraMarginal_L 56.146496815 -34.936305732 29.119426752
Angular_L 44.434782609 -62.081841432 34.283034953
Precuneus_L 7.590702948 -57.324829932 46.640022676
Paracentral_Lobule_L 7.974796145 -26.650852483 68.692364715
Caudate_L -12.416135881104 11.0530785562633 9.05732484076433
Putamen_L -24.8609958506224 3.9792531120332 2.46058091286307
Pallidum_L -18.7037037037037 0.037037037037037 0.22962962962963
Heschl_L 42.346666667 -20.035555556 8.675555556
Temporal_Sup_L 53.43554007 -22.009581882 5.840592334
Temporal_Pole_Sup_L 40.154085603 13.86770428 -21.436575875
Temporal_Mid_L 55.868878996 -34.984216916 -3.584783488
Temporal_Pole_Mid_L 36.744370861 13.300662252 -35.366887417
Temporal_Inf_L 50.03625 -29.291875 -24.519375
Cerebelum_Crus1_L -36.0658823529412 -66.7843137254902 -28.8956862745098
Cerebelum_Crus2_L -28.8027069234774 -73.2035398230089 -38.274856845393
Cerebelum_3_L -8.74242424242424 -37.469696969697 -18.8181818181818
Cerebelum_4_5_L -14.8456140350877 -43.6368421052632 -16.8421052631579
Cerebelum_6_L -23.1030512377663 -59.3517559009787 -22.0172711571675
Cerebelum_7b_L -30.6978723404255 -59.3659574468085 -43.931914893617
Cerebelum_8_L -23.8305621536025 -55.0166270783848 -44.2026920031671
Cerebelum_9_L -10.7589424572317 -49.0855365474339 -43.2597200622084
Cerebelum_10_L -22.6756756756757 -34.0405405405405 -41.7567567567568
