0 3.54056 2.05453 6.37971 0.523407 0 0 0 0 0 0 0 0 0 0 0 0 0 0 0 0 0 0 0 0 0 0 0 0 0 0 0 0 0 0 0 0 0 0 0 0 0 0 0 0 0 0 0 0 0 0 0 0 0 0 0 0 0 0 0
3.54056 0 2.65112 3.57291 1.91637 0 0 0 0 0 0 0 0 0 0 0 0 0 0 0 0 0 0 0 0 0 0 0 0 0 0 0 0 0 0 0 0 0 0 0 0 0 0 0 0 0 0 0 0 0 0 0 0 0 0 0 0 0 0 0
2.05453 2.65112 0 2.08656 1.00022 0.899623 0.656473 1.22001 0.0477624 0.365166 0.391591 0.0359882 0.320229 0.00452201 0.228062 0.0105118 0.342985 0.248543 0.198071 0.0888062 0.0174951 0.744112 0.397046 0.0871695 0 0 0 0 0 0 0 0 0 0 0 0.183631 0 0 0 0 0 0.225254 0.492059 2.23869 5.22002 0 0 0 0 0 0 0 0 0 0 0 0 0 0 0
6.37971 3.57291 2.08656 0 0.556203 0 0 0 0 0 0 0 0 0 0 0 0 0 0 0 0 0 0 0 0 0 0 0 0 0 0 0 0 0 0 0 0 0 0 0 0 0 0 0 0 0 0 0 0 0 0 0 0 0 0 0 0 0 0 0
0.523407 1.91637 1.00022 0.556203 0 2.23723 0.672511 0.737973 0.124512 0.119712 0.000985213 0.0948657 0.5577 0 0.112515 0 0.00125502 0.00125502 0.00125502 0 0 0.316627 0.0109165 0.264379 0 0.000988014 0 0 0 0 0 0 0 0 0 0.56906 0 0 0 0 0 0.855821 0.149879 0.901489 3.09386 0 0 0 0 0 0 0 0 0 0 0 0 0 0 0
0 0 0.899623 0.153844 2.23723 0 0.202756 1 0.311024 0 0 0.257874 0.11811 0 0 0 0 0 0 0 0 0 0 0 0 0 0 0 0 0 0 0 0 0 0 1.22244 0 0 0 0 0 0.962598 0.151575 0.919291 1.89173 0 0 0 0 0 0 0 0 0 0 0 0 0 0 0
0 0 0.656473 2.17068 0.672511 0.202756 0 1.63976 0 0.0255906 0 0 0.988189 0 1.17913 0 0 0 0 0 0 0.153543 0 0 0 0 0 0 0 0 0 0 0 0 0 0 0 0 0 0 0 0.114173 0.637795 2.55709 3.06299 0 0 0 0 0 0 0 0 0 0 0 0 0 0 0
0 0 1.22001 3.80185 0.737973 1 1.63976 0 0.0216535 0.933071 0.415354 0 0.100394 0 0.742126 0.00393701 0.200787 0.19685 0.202756 0.00590551 0.0728346 2.44094 0 0 0 0 0 0 0 0 0 0 0 0 0 0.00393701 0 0 0 0 0 0.0177165 0.515748 4.27362 5.06496 0 0 0 0 0 0 0 0 0 0 0 0 0 0 0
0 0 0.0477624 0.0105373 0.124512 0.311024 0 0.0216535 0 0 0 0.137795 0 0 0 0 0 0 0 0 0 0 0 0 0 0 0 0 0 0 0 0 0 0 0 0.0275591 0 0 0 0 0 0 0.00393701 0.0728346 0.17126 0 0 0 0 0 0 0 0 0 0 0 0 0 0 0
0 0 0.365166 2.26762 0.119712 0 0.0255906 0.933071 0 0 0.714567 0 0 0 0 0 0 0 0 0.00787402 0.0807087 2.22047 0 0 0 0 0 0 0 0 0 0 0 0 0 0 0 0 0 0 0 0 0.106299 2.3563 2.3563 0 0 0 0 0 0 0 0 0 0 0 0 0 0 0
0 0 0.391591 2.97994 0.000985213 0 0 0.415354 0 0.714567 0 0 0 0 0 0.0314961 1.77362 1.34449 1.21063 0.549213 0.124016 0.942913 0 0 0 0 0 0 0 0 0 0 0 0 0 0 0 0 0 0 0 0 0.149606 2.81693 2.79724 0 0 0 0 0 0 0 0 0 0 0 0 0 0 0
0 0 0.0359882 0.0168597 0.0948657 0.257874 0 0 0.137795 0 0 0 0 0 0 0 0 0 0 0 0 0 0 0 0 0 0 0 0 0 0 0 0 0 0 0.0511811 0 0 0 0 0 0 0 0.0748031 0.127953 0 0 0 0 0 0 0 0 0 0 0 0 0 0 0
0 0 0.320229 0 0.5577 0.11811 0.988189 0.100394 0 0 0 0 0 0 0 0 0 0 0 0 0 0 0 0.226378 0 0 0 0 0 0 0 0 0 0 0 0 0 0 0 0 0 0.226378 0.383858 0.746063 1.45276 0 0 0 0 0 0 0 0 0 0 0 0 0 0 0
0 0 0.00452201 0.0168597 0 0 0 0 0 0 0 0 0 0 0 0 0 0 0 0 0 0 0.0137795 0 0 0 0 0 0 0 0 0 0 0 0 0 0 0 0 0 0 0 0.00984252 0.015748 0.015748 0 0 0 0 0 0 0 0 0 0 0 0 0 0 0
0 0 0.228062 1.29187 0.112515 0 1.17913 0.742126 0 0 0 0 0 0 0 0 0 0 0 0 0 0.011811 0 0 0 0 0 0 0 0 0 0 0 0 0 0 0 0 0 0 0 0 0.255906 1.09646 1.20866 0 0 0 0 0 0 0 0 0 0 0 0 0 0 0
0 0 0.0105118 0.0716535 0 0 0 0.00393701 0 0 0.0314961 0 0 0 0 0 0.0216535 0 0.0137795 0 0 0 0.0177165 0 0 0 0 0 0 0 0 0 0 0 0 0 0 0 0 0 0 0 0.0177165 0.0649606 0.0669291 0 0 0 0 0 0 0 0 0 0 0 0 0 0 0
0 0 0.342985 2.25076 0.00125502 0 0 0.200787 0 0 1.77362 0 0 0 0 0.0216535 0 1.49803 1.25394 0.564961 0 0.011811 0 0 0 0 0 0 0 0 0 0 0 0 0 0 0 0 0 0 0 0 0.0905512 2.10236 2.07283 0 0 0 0 0 0 0 0 0 0 0 0 0 0 0
0 0 0.248543 1.60588 0.00125502 0 0 0.19685 0 0 1.34449 0 0 0 0 0 1.49803 0 1.15551 0.525591 0 0.00984252 0 0 0 0 0 0 0 0 0 0 0 0 0 0 0 0 0 0 0 0 0.0649606 1.5 1.47638 0 0 0 0 0 0 0 0 0 0 0 0 0 0 0
0 0 0.198071 1.36352 0.00125502 0 0 0.202756 0 0 1.21063 0 0 0 0 0.0137795 1.25394 1.15551 0 0.374016 0 0.00590551 0 0 0 0 0 0 0 0 0 0 0 0 0 0 0 0 0 0 0 0 0.0610236 1.27165 1.25 0 0 0 0 0 0 0 0 0 0 0 0 0 0 0
0 0 0.0888062 0.623807 0 0 0 0.00590551 0 0.00787402 0.549213 0 0 0 0 0 0.564961 0.525591 0.374016 0 0 0.0216535 0 0 0 0 0 0 0 0 0 0 0 0 0 0 0 0 0 0 0 0 0.0334646 0.584646 0.57874 0 0 0 0 0 0 0 0 0 0 0 0 0 0 0
0 0 0.0174951 0.147522 0 0 0 0.0728346 0 0.0807087 0.124016 0 0 0 0 0 0 0 0 0 0 0.135827 0 0 0 0 0 0 0 0 0 0 0 0 0 0 0 0 0 0 0 0 0.0019685 0.143701 0.143701 0 0 0 0 0 0 0 0 0 0 0 0 0 0 0
0 0 0.744112 3.68173 0.316627 0 0.153543 2.44094 0 2.22047 0.942913 0 0 0 0.011811 0 0.011811 0.00984252 0.00590551 0.0216535 0.135827 0 0.0334646 0 0 0 0 0 0 0 0 0 0 0 0 0 0 0 0 0 0 0 0.13189 3.97441 3.97835 0 0 0 0 0 0 0 0 0 0 0 0 0 0 0
0 0 0.397046 2.06952 0.0109165 0 0 0 0 0 0 0 0 0.0137795 0 0.0177165 0 0 0 0 0 0.0334646 0 0 0 0 0 0 0 0 0 0 0 0 0 0 0 0 0 0 0 0 1.25787 1.92126 1.93307 0 0 0 0 0 0 0 0 0 0 0 0 0 0 0
0 0 0.0871695 0 0.264379 0 0 0 0 0 0 0 0.226378 0 0 0 0 0 0 0 0 0 0 0 0 0.0019685 0 0 0 0 0 0 0 0 0 0 0 0 0 0 0 0.159449 0.100394 0.145669 0.334646 0 0 0 0 0 0 0 0 0 0 0 0 0 0 0
0 0 0 0 0 0 0 0 0 0 0 0 0 0 0 0 0 0 0 0 0 0 0 0 0 0 0 0 0 0 0 0 0 0 0 0 0 0 0 0 0 0 0 0 0 0 0 0 0 0 0 0 0 0 0 0 0 0 0 0
0 0 0 0 0.000988014 0 0 0 0 0 0 0 0 0 0 0 0 0 0 0 0 0 0 0.0019685 0 0 0 0 0 0 0 0 0 0 0 0 0 0 0 0 0 0.0019685 0 0 0 0 0 0 0 0 0 0 0 0 0 0 0 0 0 0
0 0 0 0 0 0 0 0 0 0 0 0 0 0 0 0 0 0 0 0 0 0 0 0 0 0 0 0 0 0 0 0 0 0 0 0 0 0 0 0 0 0 0 0 0 0 0 0 0 0 0 0 0 0 0 0 0 0 0 0
0 0 0 0 0 0 0 0 0 0 0 0 0 0 0 0 0 0 0 0 0 0 0 0 0 0 0 0 0 0 0 0 0 0 0 0 0 0 0 0 0 0 0 0 0 0 0 0 0 0 0 0 0 0 0 0 0 0 0 0
0 0 0 0 0 0 0 0 0 0 0 0 0 0 0 0 0 0 0 0 0 0 0 0 0 0 0 0 0 0 0 0 0 0 0 0 0 0 0 0 0 0 0 0 0 0 0 0 0 0 0 0 0 0 0 0 0 0 0 0
0 0 0 0 0 0 0 0 0 0 0 0 0 0 0 0 0 0 0 0 0 0 0 0 0 0 0 0 0 0 0 0 0 0 0 0 0 0 0 0 0 0 0 0 0 0 0 0 0 0 0 0 0 0 0 0 0 0 0 0
0 0 0 0 0 0 0 0 0 0 0 0 0 0 0 0 0 0 0 0 0 0 0 0 0 0 0 0 0 0 0 0 0 0 0 0 0 0 0 0 0 0 0 0 0 0 0 0 0 0 0 0 0 0 0 0 0 0 0 0
0 0 0 0 0 0 0 0 0 0 0 0 0 0 0 0 0 0 0 0 0 0 0 0 0 0 0 0 0 0 0 0 0 0 0 0 0 0 0 0 0 0 0 0 0 0 0 0 0 0 0 0 0 0 0 0 0 0 0 0
0 0 0 0 0 0 0 0 0 0 0 0 0 0 0 0 0 0 0 0 0 0 0 0 0 0 0 0 0 0 0 0 0 0 0 0 0 0 0 0 0 0 0 0 0 0 0 0 0 0 0 0 0 0 0 0 0 0 0 0
0 0 0 0 0 0 0 0 0 0 0 0 0 0 0 0 0 0 0 0 0 0 0 0 0 0 0 0 0 0 0 0 0 0 0 0 0 0 0 0 0 0 0 0 0 0 0 0 0 0 0 0 0 0 0 0 0 0 0 0
0 0 0 0 0 0 0 0 0 0 0 0 0 0 0 0 0 0 0 0 0 0 0 0 0 0 0 0 0 0 0 0 0 0 0 0 0 0 0 0 0 0 0 0 0 0 0 0 0 0 0 0 0 0 0 0 0 0 0 0
0 0 0.183631 0.0906207 0.56906 1.22244 0 0.00393701 0.0275591 0 0 0.0511811 0 0 0 0 0 0 0 0 0 0 0 0 0 0 0 0 0 0 0 0 0 0 0 0 0 0 0 0 0 0.019685 0 0.316929 0.413386 0 0 0 0 0 0 0 0 0 0 0 0 0 0 0
0 0 0 0 0 0 0 0 0 0 0 0 0 0 0 0 0 0 0 0 0 0 0 0 0 0 0 0 0 0 0 0 0 0 0 0 0 0 0 0 0 0 0 0 0 0 0 0 0 0 0 0 0 0 0 0 0 0 0 0
0 0 0 0 0 0 0 0 0 0 0 0 0 0 0 0 0 0 0 0 0 0 0 0 0 0 0 0 0 0 0 0 0 0 0 0 0 0 0 0 0 0 0 0 0 0 0 0 0 0 0 0 0 0 0 0 0 0 0 0
0 0 0 0 0 0 0 0 0 0 0 0 0 0 0 0 0 0 0 0 0 0 0 0 0 0 0 0 0 0 0 0 0 0 0 0 0 0 0 0 0 0 0 0 0 0 0 0 0 0 0 0 0 0 0 0 0 0 0 0
0 0 0 0 0 0 0 0 0 0 0 0 0 0 0 0 0 0 0 0 0 0 0 0 0 0 0 0 0 0 0 0 0 0 0 0 0 0 0 0 0 0 0 0 0 0 0 0 0 0 0 0 0 0 0 0 0 0 0 0
0 0 0 0 0 0 0 0 0 0 0 0 0 0 0 0 0 0 0 0 0 0 0 0 0 0 0 0 0 0 0 0 0 0 0 0 0 0 0 0 0 0 0 0 0 0 0 0 0 0 0 0 0 0 0 0 0 0 0 0
0 0 0.225254 0 0.855821 0.962598 0.114173 0.0177165 0 0 0 0 0.226378 0 0 0 0 0 0 0 0 0 0 0.159449 0 0.0019685 0 0 0 0 0 0 0 0 0 0.019685 0 0 0 0 0 0 0.0216535 0.0570866 0.124016 0 0 0 0 0 0 0 0 0 0 0 0 0 0 0
0 0 0.492059 2.25287 0.149879 0.151575 0.637795 0.515748 0.00393701 0.106299 0.149606 0 0.383858 0.00984252 0.255906 0.0177165 0.0905512 0.0649606 0.0610236 0.0334646 0.0019685 0.13189 1.25787 0.100394 0 0 0 0 0 0 0 0 0 0 0 0 0 0 0 0 0 0.0216535 0 2.01969 2.63189 0 0 0 0 0 0 0 0 0 0 0 0 0 0 0
0 0 2.23869 10.512 0.901489 0.919291 2.55709 4.27362 0.0728346 2.3563 2.81693 0.0748031 0.746063 0.015748 1.09646 0.0649606 2.10236 1.5 1.27165 0.584646 0.143701 3.97441 1.92126 0.145669 0 0 0 0 0 0 0 0 0 0 0 0.316929 0 0 0 0 0 0.0570866 2.01969 0 11.9252 0 0 0 0 0 0 0 0 0 0 0 0 0 0 0
0 0 5.22002 10.6743 3.09386 1.89173 3.06299 5.06496 0.17126 2.3563 2.79724 0.127953 1.45276 0.015748 1.20866 0.0669291 2.07283 1.47638 1.25 0.57874 0.143701 3.97835 1.93307 0.334646 0 0 0 0 0 0 0 0 0 0 0 0.413386 0 0 0 0 0 0.124016 2.63189 11.9252 0 0 0 0 0 0 0 0 0 0 0 0 0 0 0 0
0 0 0 0 0 0 0 0 0 0 0 0 0 0 0 0 0 0 0 0 0 0 0 0 0 0 0 0 0 0 0 0 0 0 0 0 0 0 0 0 0 0 0 0 0 0 0 0 0 0 0 0 0 0 0 0 0 0 0 0
0 0 0 0 0 0 0 0 0 0 0 0 0 0 0 0 0 0 0 0 0 0 0 0 0 0 0 0 0 0 0 0 0 0 0 0 0 0 0 0 0 0 0 0 0 0 0 0 0 0 0 0 0 0 0 0 0 0 0 0
0 0 0 0 0 0 0 0 0 0 0 0 0 0 0 0 0 0 0 0 0 0 0 0 0 0 0 0 0 0 0 0 0 0 0 0 0 0 0 0 0 0 0 0 0 0 0 0 0 0 0 0 0 0 0 0 0 0 0 0
0 0 0 0 0 0 0 0 0 0 0 0 0 0 0 0 0 0 0 0 0 0 0 0 0 0 0 0 0 0 0 0 0 0 0 0 0 0 0 0 0 0 0 0 0 0 0 0 0 0 0 0 0 0 0 0 0 0 0 0
0 0 0 0 0 0 0 0 0 0 0 0 0 0 0 0 0 0 0 0 0 0 0 0 0 0 0 0 0 0 0 0 0 0 0 0 0 0 0 0 0 0 0 0 0 0 0 0 0 0 0 0 0 0 0 0 0 0 0 0
0 0 0 0 0 0 0 0 0 0 0 0 0 0 0 0 0 0 0 0 0 0 0 0 0 0 0 0 0 0 0 0 0 0 0 0 0 0 0 0 0 0 0 0 0 0 0 0 0 0 0 0 0 0 0 0 0 0 0 0
0 0 0 0 0 0 0 0 0 0 0 0 0 0 0 0 0 0 0 0 0 0 0 0 0 0 0 0 0 0 0 0 0 0 0 0 0 0 0 0 0 0 0 0 0 0 0 0 0 0 0 0 0 0 0 0 0 0 0 0
0 0 0 0 0 0 0 0 0 0 0 0 0 0 0 0 0 0 0 0 0 0 0 0 0 0 0 0 0 0 0 0 0 0 0 0 0 0 0 0 0 0 0 0 0 0 0 0 0 0 0 0 0 0 0 0 0 0 0 0
0 0 0 0 0 0 0 0 0 0 0 0 0 0 0 0 0 0 0 0 0 0 0 0 0 0 0 0 0 0 0 0 0 0 0 0 0 0 0 0 0 0 0 0 0 0 0 0 0 0 0 0 0 0 0 0 0 0 0 0
0 0 0 0 0 0 0 0 0 0 0 0 0 0 0 0 0 0 0 0 0 0 0 0 0 0 0 0 0 0 0 0 0 0 0 0 0 0 0 0 0 0 0 0 0 0 0 0 0 0 0 0 0 0 0 0 0 0 0 0
0 0 0 0 0 0 0 0 0 0 0 0 0 0 0 0 0 0 0 0 0 0 0 0 0 0 0 0 0 0 0 0 0 0 0 0 0 0 0 0 0 0 0 0 0 0 0 0 0 0 0 0 0 0 0 0 0 0 0 0
0 0 0 0 0 0 0 0 0 0 0 0 0 0 0 0 0 0 0 0 0 0 0 0 0 0 0 0 0 0 0 0 0 0 0 0 0 0 0 0 0 0 0 0 0 0 0 0 0 0 0 0 0 0 0 0 0 0 0 0
0 0 0 0 0 0 0 0 0 0 0 0 0 0 0 0 0 0 0 0 0 0 0 0 0 0 0 0 0 0 0 0 0 0 0 0 0 0 0 0 0 0 0 0 0 0 0 0 0 0 0 0 0 0 0 0 0 0 0 0
0 0 0 0 0 0 0 0 0 0 0 0 0 0 0 0 0 0 0 0 0 0 0 0 0 0 0 0 0 0 0 0 0 0 0 0 0 0 0 0 0 0 0 0 0 0 0 0 0 0 0 0 0 0 0 0 0 0 0 0
0 0 0 0 0 0 0 0 0 0 0 0 0 0 0 0 0 0 0 0 0 0 0 0 0 0 0 0 0 0 0 0 0 0 0 0 0 0 0 0 0 0 0 0 0 0 0 0 0 0 0 0 0 0 0 0 0 0 0 0
