
Fp1 -0.15947 0.95725 0.24134
Fp2 0.26216 0.93362 0.24418
F3 -0.33993 0.67947 0.65021
F4 0.41751 0.63588 0.64911
C3 -0.53734 0.088058 0.83875
C4 0.56406 0.039577 0.82479
P3 -0.50272 -0.61471 0.60779
P4 0.49156 -0.63609 0.59478
O1 -0.33443 -0.9394 -0.075315
O2 0.31847 -0.94505 -0.073892
F7 -0.5925 0.77682 0.2133
F8 0.6719 0.7085 0.21584
T7 -0.95033 0.28002 0.1359
T8 0.97122 0.19617 0.13506
P7 -0.87282 -0.48656 0.03797
P8 0.85055 -0.52458 0.037046
Fz 0.039122 0.61587 0.78687
Cz 0.019276 0.024177 0.99952
Pz -0.0019177 -0.64412 0.76493
Oz -0.0063558 -0.99561 -0.093371
FC1 -0.21605 0.36722 0.9047
FC2 0.27519 0.34098 0.89889
CP1 -0.27013 -0.29755 0.91569
CP2 0.28236 -0.31473 0.90621
FC5 -0.67344 0.48437 0.55845
FC6 0.72426 0.41349 0.55178
CP5 -0.82312 -0.20852 0.52819
CP6 0.81481 -0.26391 0.51617
POz -0.0076175 -0.90395 0.42758
F1 -0.14816 0.63952 0.75436
F2 0.2265 0.61676 0.75386
C1 -0.26466 0.045924 0.96325
C2 0.29995 0.02177 0.95371
P1 -0.24536 -0.63606 0.73159
P2 0.23981 -0.64674 0.72403
AF3 -0.19622 0.85963 0.47173
AF4 0.28999 0.83203 0.47289
FC3 -0.45487 0.42416 0.78306
FC4 0.50993 0.37234 0.77546
CP3 -0.55037 -0.2785 0.7871
CP4 0.55217 -0.3146 0.7721
PO3 -0.36736 -0.87791 0.30712
PO4 0.34841 -0.88677 0.30373
F5 -0.49819 0.72559 0.47469
F6 0.57531 0.66519 0.47596
C5 -0.80242 0.16538 0.57339
C6 0.82201 0.095018 0.5615
P5 -0.73161 -0.56546 0.3808
P6 0.71361 -0.59594 0.36826
AF7 -0.3755 0.89721 0.23242
AF8 0.4705 0.84966 0.23814
FT7 -0.79719 0.57469 0.18499
FT8 0.85036 0.49414 0.18086
TP7 -0.99083 -0.10321 0.087152
TP8 0.98111 -0.17102 0.090421
PO7 -0.63844 -0.76895 -0.033344
PO8 0.61752 -0.78589 -0.032363
FT9 -0.73272 0.62611 -0.26664
FT10 0.79978 0.54678 -0.24774
Fpz 0.052734 0.96886 0.24192
CPz 0.0074441 -0.31081 0.95044